0.000000 0.000000 0.000000 0.000000 0.000000 0.000000 0.000000 0.000000 0.000000 0.000000
24.474574 68.581100 76.437144 42.677411 42.374614 43.192009 54.069405 42.257510 74.286293 53.016914
55.206533 7.613566 24.135902 29.504979 31.788624 19.784008 40.068312 26.689839 40.018419 34.372220
0.000000 0.000000 0.000000 0.000000 0.000000 0.000000 0.000000 0.000000 0.000000 0.000000
0.000000 0.000000 0.000000 0.000000 0.000000 0.000000 0.000000 0.000000 0.000000 0.000000
71.531101 90.560267 78.373607 93.677160 83.373254 10.748689 30.407552 39.578462 79.703323 35.341334
0.000000 0.000000 0.000000 0.000000 0.000000 0.000000 0.000000 0.000000 0.000000 0.000000
69.313790 24.480128 70.633544 42.766471 27.947275 55.319448 57.187241 59.644910 70.079138 45.956777
141.369843 64.744440 143.044987 114.692310 71.797005 134.943839 122.345505 130.689218 126.326618 92.162079
18.505375 44.593320 55.863605 32.719726 28.010816 8.048229 22.713454 28.606778 30.617993 15.451231
