164.266009 127.714536 106.829740 107.213217 128.704667 124.161964 100.094040 166.495379 88.586874 185.949056
108.411551 90.786458 125.814089 59.918002 85.678423 102.402432 58.067648 105.467133 69.400001 118.784960
133.772800 114.941761 109.934952 61.796162 107.653700 143.465578 176.397758 90.648094 77.600102 159.667725
143.714523 165.391511 125.393251 70.054950 92.322282 149.948090 191.828843 135.278134 146.875705 167.504417
70.183195 68.143196 58.208617 64.191319 50.853419 130.542184 103.355548 78.039669 57.499855 75.262500
137.158148 140.520331 129.763156 38.716296 64.136002 98.593253 117.326275 119.840349 85.511293 118.071100
218.421159 198.607320 220.018811 107.306539 158.373589 179.930146 217.726427 194.904674 194.555338 301.857128
96.038442 84.878106 95.159411 22.281008 71.142970 66.889833 99.081441 61.542047 56.867244 129.695835
184.280261 148.580989 121.067232 113.571024 139.365394 127.909292 101.695741 167.759121 107.889912 137.397530
180.588368 134.871376 152.154266 65.781549 123.781778 138.289942 144.832203 143.174641 139.322939 211.029291
