50.260572 77.281540 58.050380 23.047825 89.765940 31.054542 39.620297 19.941783 35.105267 57.446616
54.711417 133.565682 181.377203 157.539737 239.231029 112.025449 92.493548 165.210455 205.399052 187.544871
4.858601 25.544252 96.311966 59.282048 87.818421 43.063052 30.036976 73.904553 88.981365 67.033125
5.438746 2.615741 3.285183 0.452500 6.308739 1.263567 1.194798 9.664838 7.782053 10.179528
71.027187 61.713250 74.203665 30.466969 74.868946 38.071263 45.630620 105.803231 101.747600 101.376221
1.889006 46.740931 11.173722 21.133253 49.938479 18.536425 37.125975 3.466362 33.483664 57.426163
36.686145 46.399703 125.582082 71.905007 124.623282 58.230163 40.987973 97.337082 116.430323 109.189742
163.107894 203.844422 153.823878 109.591022 230.221192 103.932072 190.789944 161.110861 211.100192 275.980971
82.204801 166.118026 233.805606 105.589099 155.221466 88.804149 139.493823 161.741440 189.452972 165.969570
56.654217 31.913435 44.265172 3.782513 57.684658 16.029288 11.001050 57.486958 43.781538 60.416395
