63.522499 93.378490 134.399836 173.976432 129.653717 107.737137 122.721860 86.777898 153.422191 126.442988
0.000000 0.000000 0.000000 0.000000 0.000000 0.000000 0.000000 0.000000 0.000000 0.000000
76.598576 108.577585 164.243591 203.273406 102.147949 149.719903 126.491711 112.979128 222.639372 150.510866
0.000000 0.000000 0.000000 0.000000 0.000000 0.000000 0.000000 0.000000 0.000000 0.000000
51.800484 83.120785 160.768187 192.782167 100.462616 135.355812 119.950679 85.233628 188.744782 126.419058
0.000000 0.000000 0.000000 0.000000 0.000000 0.000000 0.000000 0.000000 0.000000 0.000000
54.621146 114.916002 169.923154 205.453516 170.154104 132.948444 145.757434 123.355547 199.824406 140.541571
0.000000 0.000000 0.000000 0.000000 0.000000 0.000000 0.000000 0.000000 0.000000 0.000000
94.824503 74.625295 102.869025 193.588402 92.182606 127.006108 143.455668 84.573412 197.980782 120.881364
0.000000 0.000000 0.000000 0.000000 0.000000 0.000000 0.000000 0.000000 0.000000 0.000000
