147.434261 28.961682 93.831522 92.204061 161.188750 83.137934 41.719851 153.336255 97.300428 146.906928
0.000000 0.000000 0.000000 0.000000 0.000000 0.000000 0.000000 0.000000 0.000000 0.000000
44.377904 28.707595 46.236465 34.187414 27.060444 14.974202 36.553283 26.770750 28.342151 14.144300
0.000000 0.000000 0.000000 0.000000 0.000000 0.000000 0.000000 0.000000 0.000000 0.000000
122.040808 42.517741 137.436496 98.581776 70.842284 57.361349 93.439555 82.842132 87.077185 74.824591
0.000000 0.000000 0.000000 0.000000 0.000000 0.000000 0.000000 0.000000 0.000000 0.000000
154.126348 82.956126 117.882489 91.666724 178.463689 78.237825 41.585954 179.800870 76.295036 110.086673
0.000000 0.000000 0.000000 0.000000 0.000000 0.000000 0.000000 0.000000 0.000000 0.000000
39.913623 18.711917 38.070812 31.361705 26.879281 22.883400 26.223317 24.874915 27.552646 21.022747
0.000000 0.000000 0.000000 0.000000 0.000000 0.000000 0.000000 0.000000 0.000000 0.000000
