53.721924 51.465696 70.379079 69.890377 19.596476 64.019033 37.261519 39.746484 34.369035 40.504559
0.000000 0.000000 0.000000 0.000000 0.000000 0.000000 0.000000 0.000000 0.000000 0.000000
186.061262 118.328820 213.403560 180.143970 89.879358 169.429738 96.096234 191.323932 148.140326 85.719149
0.000000 0.000000 0.000000 0.000000 0.000000 0.000000 0.000000 0.000000 0.000000 0.000000
94.882911 68.699835 100.408814 96.994044 52.798931 95.714778 53.723911 93.382199 77.272592 54.267526
0.000000 0.000000 0.000000 0.000000 0.000000 0.000000 0.000000 0.000000 0.000000 0.000000
102.885467 58.618938 116.955253 105.590662 46.917614 103.735996 52.000011 115.460416 89.268965 38.225491
0.000000 0.000000 0.000000 0.000000 0.000000 0.000000 0.000000 0.000000 0.000000 0.000000
108.477094 95.556665 111.803675 128.604878 67.754902 134.455258 60.970812 130.181512 111.952590 53.898931
0.000000 0.000000 0.000000 0.000000 0.000000 0.000000 0.000000 0.000000 0.000000 0.000000
