67.560723 89.045875 97.666595 147.902533 53.983533 51.756466 107.142615 70.689066 120.373014 110.403428
11.333150 11.948659 9.335590 22.452529 0.077459 3.942780 12.294300 11.602152 21.364347 27.344501
121.447850 88.830088 84.053884 102.718395 81.039925 88.255672 125.114842 98.441601 151.094095 131.074069
0.000000 0.000000 0.000000 0.000000 0.000000 0.000000 0.000000 0.000000 0.000000 0.000000
82.097307 59.132743 111.109702 148.088921 121.880378 78.108483 118.463546 89.613805 135.360649 59.279338
73.637689 56.026003 35.794004 45.849518 59.719025 61.661401 81.889609 19.011076 86.423682 7.410964
341.876481 263.104299 258.307608 280.084318 221.880356 288.269514 291.721025 268.166588 347.377934 290.475984
144.486011 78.721946 59.474057 27.216738 78.136363 80.682232 75.873236 147.800456 93.076066 121.005171
179.003763 122.652451 138.286124 152.170821 84.814867 135.376365 130.931716 128.301508 174.709123 163.557479
113.316527 69.007384 115.687800 134.859391 97.212751 76.262739 137.455220 111.362796 113.710514 95.698967
