48.076860 94.890477 82.754996 27.998581 131.859403 107.003440 95.065838 84.830585 104.950752 122.877508
0.000000 0.000000 0.000000 0.000000 0.000000 0.000000 0.000000 0.000000 0.000000 0.000000
0.000000 0.000000 0.000000 0.000000 0.000000 0.000000 0.000000 0.000000 0.000000 0.000000
32.627678 73.509887 97.161733 41.110835 147.177078 133.924395 136.333802 82.840875 116.053358 138.623373
0.000000 0.000000 0.000000 0.000000 0.000000 0.000000 0.000000 0.000000 0.000000 0.000000
0.000000 0.000000 0.000000 0.000000 0.000000 0.000000 0.000000 0.000000 0.000000 0.000000
66.804161 103.258263 69.722507 22.668464 126.645993 54.161436 89.193616 39.474926 48.795623 114.127553
0.000000 0.000000 0.000000 0.000000 0.000000 0.000000 0.000000 0.000000 0.000000 0.000000
0.000000 0.000000 0.000000 0.000000 0.000000 0.000000 0.000000 0.000000 0.000000 0.000000
59.512141 107.392540 63.006663 44.201026 159.112923 114.661040 117.573385 64.620352 101.592422 141.303400
