15.215513 17.887312 26.246627 11.759665 34.683602 46.140953 47.288324 12.418653 43.037629 17.489908
83.535504 63.103364 116.901444 108.487550 48.058037 47.528342 77.048948 87.704288 52.716291 33.859986
102.549139 31.574505 123.519545 89.141032 44.028590 11.834045 47.187115 74.408857 59.230574 75.443576
150.124217 158.190604 240.930234 106.040130 163.614790 220.147368 173.765988 155.488980 202.120957 184.325403
28.521769 45.344689 69.601489 51.635277 29.362586 47.843290 66.631299 48.168009 43.869022 13.987270
71.039930 57.947157 159.991079 53.449806 68.771271 87.848857 123.917812 71.081654 139.746920 105.914103
40.096585 43.726523 50.313232 39.242635 59.992001 88.875637 64.272354 57.601121 55.432967 36.634912
43.412367 39.308921 68.198065 46.525858 53.021195 60.106512 42.977047 51.958281 11.714917 62.726102
87.550762 45.004620 85.284408 111.238176 44.195306 61.760090 41.491674 116.914194 33.222995 37.541891
2.922585 3.113473 3.209649 5.751374 4.108491 9.701701 5.306590 10.146948 2.195908 1.013429
