183.401648 165.550424 85.875674 128.257499 71.204740 79.571777 134.290986 210.292458 106.280853 165.391725
123.354372 135.350589 53.214428 112.433467 89.798280 119.144670 133.046560 114.468185 86.919934 107.803497
190.450938 109.299235 133.247206 138.291779 96.414475 87.221521 91.342317 175.478660 87.949154 161.922932
216.124977 210.611208 176.031757 169.735198 119.181086 149.723722 104.420990 269.456079 101.925790 152.125283
221.011511 212.305827 141.652099 184.636896 121.446225 187.650820 133.079256 232.715399 180.408396 185.695490
125.753759 117.436477 127.986220 132.495852 103.325848 118.107003 168.800043 117.534298 93.192626 63.265011
86.215114 112.599982 52.738731 89.669819 26.906817 74.628695 92.753384 125.743310 49.534239 34.028679
91.042039 81.193790 63.139318 95.543110 44.286597 74.589724 68.923692 91.492612 103.242448 78.144742
61.317857 55.305624 69.639480 66.887879 66.541104 73.885913 93.275162 48.637269 58.977985 18.808856
216.056467 157.139575 121.122522 160.400747 90.315425 119.136201 164.659292 186.415391 120.128462 204.435828
