160.065516 208.691364 94.667204 162.974019 105.404968 270.687246 188.224147 199.031366 176.822607 198.728012
195.133483 161.379478 118.499451 237.188495 217.676423 273.490838 190.674346 247.610840 221.702263 188.140071
24.132878 39.486334 18.580002 61.923710 38.810142 55.727908 48.492101 47.699972 60.596123 24.259475
145.902661 179.742317 131.566559 127.491199 67.244660 214.422019 171.182590 171.815697 115.826758 137.401435
7.919880 13.553226 13.445120 20.869600 20.444931 28.113972 8.041869 16.786563 29.360905 25.345174
67.791322 124.436425 68.001207 171.188220 130.818187 204.163939 138.022076 190.910383 194.731295 117.403836
109.763484 124.139860 59.498454 69.376292 63.297451 173.309785 115.402263 79.504250 146.403167 124.590724
77.895165 125.651189 79.524451 115.760262 80.592618 176.722324 152.820058 150.643708 162.427657 84.657352
31.297966 39.943793 31.074440 41.738214 14.409242 39.066878 44.239789 20.023008 31.594217 31.865031
77.194413 76.332832 24.553654 76.789781 83.529896 91.577221 67.890275 97.566518 73.709594 76.255214
