207.237374 193.513630 142.947718 189.638215 193.107085 177.581013 210.813402 190.488800 59.597070 198.217515
60.488572 112.780534 74.878968 98.030498 88.817962 77.688505 140.955421 105.956616 32.829749 105.403817
24.193432 12.511530 4.754334 19.924557 11.555209 12.097730 19.919994 3.370130 8.643845 30.215764
266.322741 189.977267 144.627988 180.592600 168.210913 152.196565 243.386708 163.106159 106.698687 264.699799
3.271344 10.018413 5.254329 4.588653 11.244056 11.188996 4.367705 0.100803 6.414116 1.385936
49.190724 63.674759 33.102800 31.846935 61.438765 55.217920 53.204362 32.968643 26.526318 32.772404
172.442987 54.280018 74.442965 134.213606 78.182442 53.266258 135.497163 67.629852 32.579202 160.843787
24.716766 38.686949 1.439302 7.352442 14.590894 5.772402 13.729838 15.632875 30.583386 37.148992
74.160783 94.735163 12.783685 24.056842 51.988466 41.671059 60.021383 36.431499 67.488771 79.367809
134.050406 100.959033 61.640619 71.049104 91.807981 66.485682 160.090925 52.805489 60.065062 103.876783
