245.638114 278.779693 272.461930 258.553532 179.701122 300.116928 256.101743 137.136814 294.468130 267.204036
6.629204 19.039912 53.826648 44.335511 12.856589 57.954928 40.024743 17.457416 68.871547 64.961125
269.827437 233.527469 230.534191 233.466438 143.636275 273.127412 211.456530 121.639671 268.306160 206.051595
7.167011 39.530448 30.794204 41.310384 72.070813 21.951701 54.757641 63.057598 48.938570 63.233802
135.691696 85.821235 118.682038 119.245090 78.645883 113.461266 76.615138 50.553948 120.691062 73.998189
64.453859 103.267694 55.557193 92.371130 6.267057 103.146477 105.670436 49.251769 128.581795 99.825336
164.713401 211.018153 149.574009 189.892353 59.662811 244.963926 210.388548 142.079289 196.269924 187.613477
2.004619 11.056697 8.613163 11.554546 20.158262 6.139908 15.315754 17.637259 13.688155 17.686543
123.430156 185.807538 164.542865 169.402505 152.858575 201.202305 164.930061 68.792198 193.607247 177.160219
9.650631 36.451825 47.563964 58.058839 74.360227 56.408757 58.179489 58.754839 77.499024 90.177961
