42.993864 46.697590 42.642953 16.087846 68.541419 5.561267 22.396998 20.308243 55.863078 74.194190
0.000000 0.000000 0.000000 0.000000 0.000000 0.000000 0.000000 0.000000 0.000000 0.000000
15.255214 6.181286 20.738439 19.349608 21.654128 0.972035 3.232911 4.308296 3.106967 12.174560
0.000000 0.000000 0.000000 0.000000 0.000000 0.000000 0.000000 0.000000 0.000000 0.000000
97.105425 87.266267 45.774426 65.802733 78.648268 111.781709 84.772786 27.604255 132.263910 65.905413
0.000000 0.000000 0.000000 0.000000 0.000000 0.000000 0.000000 0.000000 0.000000 0.000000
66.661960 37.170576 37.813100 47.568336 20.486426 74.264458 25.157490 50.868793 95.117799 34.734394
0.000000 0.000000 0.000000 0.000000 0.000000 0.000000 0.000000 0.000000 0.000000 0.000000
25.980589 24.354867 8.574310 13.851261 18.375216 17.186453 9.091306 4.584929 33.070409 14.186890
0.000000 0.000000 0.000000 0.000000 0.000000 0.000000 0.000000 0.000000 0.000000 0.000000
