5.625967 28.418028 62.831229 57.362523 41.628203 21.227799 6.032918 10.244102 59.288157 38.545497
66.872250 68.868793 115.588553 52.005332 23.556569 85.139354 54.568369 89.838883 38.253566 104.261478
69.427377 94.687458 200.882049 172.495384 103.744869 117.656111 91.773273 121.803527 134.542567 189.646172
85.895714 125.302719 79.675202 97.682485 116.490700 61.421984 42.252603 4.858743 90.208439 47.153404
36.090779 107.755980 57.626130 24.829059 66.384402 37.812558 51.295623 22.936487 32.034580 82.006476
56.864460 107.238687 69.552481 82.095438 49.686575 54.709409 112.201343 83.139713 80.434986 128.021584
146.977406 187.312000 149.049148 163.791016 110.674217 170.630823 144.866893 174.683595 115.054606 177.680204
129.442883 131.288792 231.791151 225.174012 136.760985 108.734991 108.433413 123.013682 194.444013 185.348055
57.567883 80.851279 37.993981 48.163402 41.435364 62.377299 42.357871 41.125179 45.157275 31.531965
55.804186 80.067235 60.962176 56.621019 70.033531 20.147279 56.994734 48.160983 49.346494 72.790360
