172.810248 224.787782 231.883218 264.946745 154.308339 138.060133 168.405595 141.849307 160.195975 171.709803
55.668159 39.012088 7.871874 27.484366 67.027020 60.484057 44.003902 42.373295 60.603296 21.421065
57.042500 108.748883 112.973760 125.684053 75.273475 83.300719 109.403874 69.365189 96.866410 62.110814
24.526913 40.313544 59.719545 54.980452 13.019484 37.549128 48.895336 12.212058 27.787763 35.316270
80.743066 192.555738 157.014130 221.460572 217.050879 172.855854 153.004023 121.746341 175.386366 58.648954
22.068996 59.413623 43.731643 68.213099 63.615511 63.143981 19.894609 5.618555 28.561842 2.364291
37.170318 63.895463 75.931228 77.791055 32.312673 55.812662 68.856720 28.375953 46.865239 43.403930
77.048695 69.093970 58.916182 55.711429 34.841788 37.226383 34.302323 60.720404 21.130836 63.266460
85.961525 164.530339 123.711494 164.232482 131.953540 122.266580 142.903517 116.300029 140.091944 62.846518
64.909452 88.254277 16.098597 62.102087 37.007074 42.441336 23.133734 22.301602 46.112799 4.018847
