79.941472 97.431670 97.762302 90.724622 121.249155 104.763960 63.197032 78.036305 51.998577 93.917670
11.261747 7.315393 12.691395 0.234383 12.027989 3.198267 14.104313 10.490690 2.267898 10.548472
0.000000 0.000000 0.000000 0.000000 0.000000 0.000000 0.000000 0.000000 0.000000 0.000000
106.430341 133.037295 132.692593 128.269831 165.746294 110.275090 105.627491 131.353684 58.668652 126.440687
0.000000 0.000000 0.000000 0.000000 0.000000 0.000000 0.000000 0.000000 0.000000 0.000000
0.000000 0.000000 0.000000 0.000000 0.000000 0.000000 0.000000 0.000000 0.000000 0.000000
24.550734 93.913624 94.102419 91.698282 98.681351 73.058738 42.369076 75.302254 53.881946 101.666119
0.000000 0.000000 0.000000 0.000000 0.000000 0.000000 0.000000 0.000000 0.000000 0.000000
0.000000 0.000000 0.000000 0.000000 0.000000 0.000000 0.000000 0.000000 0.000000 0.000000
129.837195 121.308361 107.492211 110.349663 143.309253 72.796924 111.863458 149.975450 48.959387 80.164268
