19.684957 44.775233 35.491705 32.272344 67.458226 30.244273 50.308065 36.089394 16.167682 29.335732
102.921434 118.914825 139.670777 141.552220 95.562654 157.184476 185.394082 48.961963 148.794678 79.474363
139.705528 207.236922 166.185394 208.760456 190.995920 196.864300 155.547550 180.037157 87.699253 188.443010
72.529709 110.315284 80.123775 77.227923 83.472752 39.377168 43.941310 96.891797 21.165396 124.591558
75.260206 83.405125 31.528301 22.082852 123.032245 71.565712 44.231348 99.694693 30.022592 65.149367
12.138080 15.599589 65.346821 29.303035 18.891468 59.992635 63.643476 21.698502 64.612690 34.076351
52.408913 33.694429 41.536963 42.996061 60.481397 113.367149 40.113842 66.552977 15.352603 96.575188
119.874000 91.119451 70.318870 106.423481 59.892772 158.916525 83.584555 53.774315 66.801838 95.569697
0.000000 0.000000 0.000000 0.000000 0.000000 0.000000 0.000000 0.000000 0.000000 0.000000
34.385310 58.492285 68.328800 49.851987 57.818609 83.990110 69.254950 46.211957 69.539854 79.575613
