50.083607 57.437643 87.918868 63.559909 92.857565 36.122945 64.755561 47.551049 58.584674 66.498938
0.000000 0.000000 0.000000 0.000000 0.000000 0.000000 0.000000 0.000000 0.000000 0.000000
0.000000 0.000000 0.000000 0.000000 0.000000 0.000000 0.000000 0.000000 0.000000 0.000000
45.170478 49.107624 64.701023 45.909610 36.295485 52.397877 76.572962 51.540259 40.135270 69.974433
0.000000 0.000000 0.000000 0.000000 0.000000 0.000000 0.000000 0.000000 0.000000 0.000000
0.000000 0.000000 0.000000 0.000000 0.000000 0.000000 0.000000 0.000000 0.000000 0.000000
72.938129 79.006468 111.843306 88.446873 89.426970 85.477865 122.898384 75.192171 69.440350 108.542717
0.000000 0.000000 0.000000 0.000000 0.000000 0.000000 0.000000 0.000000 0.000000 0.000000
0.000000 0.000000 0.000000 0.000000 0.000000 0.000000 0.000000 0.000000 0.000000 0.000000
5.452275 8.069553 17.061928 18.625448 24.228618 10.064343 12.070019 2.310712 7.182615 8.196262
