22.792710 37.892348 4.222027 43.291828 34.012462 30.859392 37.139692 61.115000 19.395034 53.785419
25.343865 13.054817 29.325051 10.334670 15.445347 27.040175 24.726305 32.413303 38.361920 43.609747
5.931751 73.628853 0.377293 34.666556 4.159009 27.550170 21.673183 35.057623 6.772377 73.666685
20.899583 8.742226 42.825712 28.493351 1.776658 1.727921 16.314998 30.853307 59.643198 0.616994
5.234302 6.898446 9.161821 9.667954 6.382243 6.727389 9.574428 3.808474 9.215865 7.501653
0.000000 0.000000 0.000000 0.000000 0.000000 0.000000 0.000000 0.000000 0.000000 0.000000
85.400046 81.195896 78.083347 67.481980 76.486385 75.620828 26.408992 87.177835 64.414490 79.232793
1.228914 0.879656 1.541558 1.571010 0.232808 0.434918 1.250280 0.372511 1.706347 0.225984
45.797831 47.543428 63.783223 70.329953 44.919304 53.878591 68.161738 35.617267 68.451662 57.847055
0.000000 0.000000 0.000000 0.000000 0.000000 0.000000 0.000000 0.000000 0.000000 0.000000
