212.602218 146.078823 146.569737 143.867487 86.997011 174.964863 140.253737 148.019839 168.970233 83.510233
70.622553 91.657996 118.844653 31.691409 73.339152 73.305236 80.310133 62.296415 77.212721 44.710047
106.735445 83.369291 28.132149 112.326698 43.106672 139.404209 104.235532 76.587842 122.125752 42.734252
257.378706 159.860869 133.812148 134.231553 116.247776 178.434922 184.954793 119.222703 232.881228 113.877913
95.899369 111.677007 93.357474 43.729873 84.435613 108.853240 116.276865 40.620982 114.520374 38.818726
44.082751 14.849045 11.270040 24.944413 16.628163 23.354435 24.267051 12.051946 37.290983 16.384978
97.317414 113.899147 107.574893 90.570962 86.203379 149.563972 76.839180 127.770368 112.279111 58.739371
127.323383 28.373707 100.445313 109.493112 50.394795 66.876497 61.998405 84.803641 98.813073 56.713708
31.237609 53.957429 30.646940 7.147632 24.147791 52.114522 36.659845 0.062756 41.961958 1.996116
280.744363 198.490565 148.041568 190.665122 154.962274 267.390733 212.101961 175.866147 293.433438 136.775491
