182.467321 134.211911 177.965189 248.350880 200.781695 185.560550 114.816789 197.694620 187.944129 145.154955
47.876118 1.132554 18.404896 15.165019 5.531769 9.434069 5.294331 8.391253 45.687354 24.150632
34.926148 52.659926 42.966863 111.407290 96.464404 55.578699 32.423372 50.927315 54.102800 39.790015
104.359878 60.224213 87.119847 80.823689 45.046678 121.675455 88.127800 79.834717 45.991035 70.197128
58.889641 76.606624 79.167212 73.067698 33.764391 29.013249 12.689047 1.471991 59.220106 68.392820
46.252775 75.351428 65.198259 80.297277 46.576675 31.228067 21.778333 3.294192 44.216591 49.767951
152.188987 52.742527 105.010527 84.333541 54.409233 104.856619 75.070530 68.955413 115.787625 83.631095
16.473739 1.244823 14.338808 30.848912 28.706543 22.471312 1.858046 29.550419 31.595200 24.219674
104.571960 59.559861 84.182204 94.213706 24.863271 143.498574 97.029319 100.799130 10.920872 69.425262
92.560118 83.190859 82.348865 92.161047 99.280895 92.045955 82.296708 90.767733 94.240730 100.020736
