125.230747 130.560734 49.453625 108.805346 94.784652 49.626893 58.510842 58.959976 39.424887 125.858771
8.738120 30.568480 45.135327 22.214973 14.729924 27.380395 41.447803 22.375965 18.291319 47.269722
44.326366 76.059552 126.746152 40.175187 51.968551 107.534196 94.552584 47.808093 75.432931 114.616855
62.228904 80.100524 101.042190 46.418718 36.356376 49.190379 54.415226 17.162652 27.763233 82.047925
181.028951 130.740358 191.203658 143.881691 135.158602 141.172640 125.284259 160.493334 105.011228 218.985979
202.097180 156.461874 298.095371 171.699942 169.536025 218.625047 205.975307 168.468902 142.454308 341.421657
26.185434 30.588982 48.528428 26.967755 30.117476 29.406160 26.218914 35.696911 15.630536 62.236529
138.316658 121.932047 156.546785 148.689265 80.157051 57.705276 93.279953 105.045626 42.269098 202.896321
115.805381 30.395848 89.485439 88.003000 25.145792 109.039538 86.319037 110.942458 88.895840 114.908648
200.044871 144.280895 185.340150 194.843218 182.060385 106.390419 132.707886 157.278180 128.108280 206.630055
