64.719188 59.639570 82.778953 102.086611 40.646883 69.508449 32.191207 42.026085 73.850071 81.409176
89.333961 82.639268 96.958537 90.654479 48.255401 93.202530 42.519556 60.226235 125.522992 112.821596
240.404932 191.798181 223.154624 183.263107 138.650058 223.118559 124.007349 140.969110 234.840736 232.243591
164.798258 133.828035 88.784713 102.330532 87.016472 86.329090 71.120153 91.589114 137.467648 117.878448
217.800948 181.297600 214.674443 135.607840 93.984600 217.245255 143.098544 94.761168 181.226622 201.604976
170.555751 122.351445 150.877572 62.622237 76.843989 157.437939 102.765398 73.091691 124.916551 132.865345
244.867807 235.213722 191.063627 221.532032 156.822421 235.784310 210.618824 161.658104 202.067503 246.647124
70.139920 31.948697 61.688842 53.152762 44.977093 80.631253 17.475989 49.719096 60.670790 52.432930
154.188331 123.390818 102.780475 114.285384 83.620516 150.362147 67.952532 97.689648 127.499361 112.503657
44.662189 17.194021 42.202314 33.327020 23.150059 47.524777 14.384107 27.804158 31.185190 30.474525
