72.567790 91.003341 117.823316 59.918544 110.345123 94.800482 93.300451 73.018166 81.928556 118.527751
0.767948 2.688889 2.990196 0.416432 1.711522 2.274356 0.411685 1.350898 2.455814 2.823143
136.825184 133.390010 70.691815 126.498592 73.379541 87.134669 38.730765 133.648926 119.104299 88.689253
0.000000 0.000000 0.000000 0.000000 0.000000 0.000000 0.000000 0.000000 0.000000 0.000000
97.606952 174.985461 220.011664 91.383626 185.797947 188.289710 135.705730 117.297410 153.720291 174.358320
56.892289 64.484320 99.172361 68.139965 91.266324 82.954662 84.915173 39.272487 36.001200 107.367091
92.824283 90.515102 94.057090 88.074103 118.247144 106.105807 92.009614 94.823118 93.777081 85.315678
82.111470 56.254645 0.048787 74.900351 31.698800 38.916132 0.846702 81.959847 69.342833 23.961802
141.958019 144.307710 145.823884 126.130551 164.560957 147.507396 126.500540 142.210772 142.560596 152.057719
5.429987 3.241888 4.194435 12.479896 13.608896 3.518516 13.807054 7.166403 5.392633 13.352326
