148.980713 126.455370 145.540061 141.299808 170.288324 187.662252 102.373991 227.033964 105.579954 204.331030
3.881119 5.156201 30.188803 32.048590 19.744442 28.781601 19.891867 31.571769 19.330874 31.766983
50.120839 49.165184 111.402272 105.535048 90.934672 159.115007 67.488245 134.067240 67.093916 116.902326
244.738990 198.857789 170.439370 234.528450 144.826156 241.052137 254.318989 281.445912 189.050055 226.954829
143.708089 118.612343 80.743536 75.670022 99.087011 147.905426 120.812322 192.056371 103.582910 128.858111
64.056304 83.444833 134.876916 123.439956 108.179305 109.699760 113.676632 127.838450 72.648591 149.091518
163.809188 163.804745 128.404963 92.790150 151.482063 169.127634 138.413255 203.624924 98.845861 174.869620
126.721023 101.995526 63.052117 37.981220 99.497045 165.483990 87.613632 170.171484 91.613055 103.497399
51.600426 37.555499 47.451744 27.129711 18.829581 47.289709 48.507105 68.218174 20.304322 48.203226
107.430642 128.533835 144.780901 118.922286 147.008621 123.809719 119.944733 155.925444 73.028319 178.198322
