130.302008 133.622262 107.789574 75.772705 97.916324 142.353621 159.857800 148.837099 93.452777 91.462380
0.000000 0.000000 0.000000 0.000000 0.000000 0.000000 0.000000 0.000000 0.000000 0.000000
0.000000 0.000000 0.000000 0.000000 0.000000 0.000000 0.000000 0.000000 0.000000 0.000000
159.814100 172.527904 130.046312 100.012733 125.401366 185.007563 205.022427 181.633322 127.153608 122.993478
51.254817 65.016448 7.396625 28.776980 25.355386 23.243189 38.835699 48.228895 53.435674 22.710024
0.000000 0.000000 0.000000 0.000000 0.000000 0.000000 0.000000 0.000000 0.000000 0.000000
149.345894 137.359695 145.151136 81.048758 116.413425 174.450110 189.594685 174.949154 82.168912 108.594357
56.287446 12.650215 92.120997 4.060562 35.776179 9.604876 19.854071 21.985102 72.579065 47.774598
75.386106 58.003733 38.793069 62.277916 63.365623 37.639431 65.462851 38.293259 59.476661 25.741468
281.125462 197.727913 276.519851 172.366840 202.645701 210.162425 258.127266 221.885384 206.504360 179.761211
