222.768706 220.217085 217.144181 160.634800 155.181886 188.259605 154.503730 163.187192 219.287435 183.269205
122.918981 95.373601 106.842171 111.606443 89.879326 25.341740 110.558365 102.664120 53.125232 78.868513
109.768397 107.879209 80.281927 41.189261 46.285613 57.118342 38.412342 57.570997 102.135861 47.855865
170.517129 186.828472 220.253576 127.873689 143.897586 135.854133 131.470355 170.880079 170.285356 145.640942
79.774024 119.380693 100.777222 38.770355 35.299615 62.259361 96.943997 101.420469 77.199905 82.731810
125.339342 165.166301 92.969999 71.073593 68.784414 102.009012 79.152566 66.162964 147.471475 67.042829
228.868224 144.061492 160.259036 171.436807 160.977293 104.777512 178.493769 179.132456 142.433955 157.496760
127.994832 132.482535 102.466944 83.909498 70.859292 138.541456 112.285252 66.917685 119.493027 126.707736
109.800495 115.528522 96.833508 62.247431 92.679747 87.381024 87.092226 99.208042 120.175200 53.749314
166.996391 191.516665 201.054427 92.545611 76.958880 109.875869 125.749059 154.777686 148.565670 139.146264
