40.213672 14.497034 49.544948 47.040154 53.873695 16.424792 33.502966 27.719733 33.997380 52.380087
47.892425 98.209057 40.444453 79.739589 76.580801 104.574873 139.799202 29.163345 106.502117 141.760451
90.792952 122.469190 113.781845 75.783252 65.407279 143.077784 147.795199 41.575378 89.040904 124.658023
126.971122 108.201079 29.214353 86.726732 102.294714 109.572961 98.248117 65.688277 122.756955 157.404863
0.000000 0.000000 0.000000 0.000000 0.000000 0.000000 0.000000 0.000000 0.000000 0.000000
101.052543 55.860292 127.231805 79.799636 84.376127 70.888083 70.183567 53.038959 53.324676 86.804893
0.423390 22.146067 25.192556 23.173400 22.425100 19.648284 66.510791 13.423820 37.824781 46.955384
59.626713 33.796083 54.383752 43.443728 57.107043 21.865401 45.626223 43.571882 47.201070 63.513893
43.413929 105.069942 43.716544 79.445143 46.545056 82.804145 78.650049 54.987230 88.440389 89.300655
44.951839 62.836323 21.059889 36.751521 60.127014 68.105621 65.348044 23.766518 28.020063 15.203460
