0.000000 0.000000 0.000000 0.000000 0.000000 0.000000 0.000000 0.000000 0.000000 0.000000
37.334667 62.431735 50.353954 59.160588 51.377893 120.722401 74.621620 99.491334 38.530403 50.204649
0.000000 0.000000 0.000000 0.000000 0.000000 0.000000 0.000000 0.000000 0.000000 0.000000
71.552106 33.248298 45.018739 114.901074 104.522723 93.316226 107.068081 46.830273 88.975928 30.054816
1.747600 1.051111 0.122634 1.059010 2.357338 0.345333 2.217485 0.606376 0.143940 0.297045
102.984714 21.748455 49.591766 35.735909 99.411467 66.607517 16.954987 103.938947 66.539665 30.363754
0.098213 2.698024 1.454515 0.644273 2.323369 2.316855 1.855258 2.840479 2.429044 2.562961
30.545801 54.511206 53.417492 94.511270 33.234060 120.512601 108.024254 57.123857 52.003627 59.521645
0.000000 0.000000 0.000000 0.000000 0.000000 0.000000 0.000000 0.000000 0.000000 0.000000
63.473074 45.960149 64.177167 55.039223 85.945189 74.769858 51.084255 68.832966 79.410055 14.144426
