0.000000 0.000000 0.000000 0.000000 0.000000 0.000000 0.000000 0.000000 0.000000 0.000000
0.000000 0.000000 0.000000 0.000000 0.000000 0.000000 0.000000 0.000000 0.000000 0.000000
0.000000 0.000000 0.000000 0.000000 0.000000 0.000000 0.000000 0.000000 0.000000 0.000000
1.543330 25.184031 31.149515 22.981172 27.935309 10.419953 10.210375 24.785692 5.373687 24.255585
16.875191 4.430935 3.256064 4.594844 7.855829 6.420546 0.960856 0.023197 17.957604 3.906091
0.000000 0.000000 0.000000 0.000000 0.000000 0.000000 0.000000 0.000000 0.000000 0.000000
0.000000 0.000000 0.000000 0.000000 0.000000 0.000000 0.000000 0.000000 0.000000 0.000000
24.373262 52.344239 37.661925 30.535698 46.197701 57.455944 8.160246 24.466102 7.430727 37.062398
16.803812 93.393094 27.071023 32.338283 91.048181 88.799716 61.274597 5.797795 98.251509 80.668528
17.320104 4.547756 3.341910 4.715987 8.062948 6.589823 0.986189 0.023809 18.431055 4.009075
